2016 01 03 22 05
2016 01 07 06 16
2016 01 10 20 02
2016 01 11 21 34
2016 01 12 02 00
2016 01 12 04 52
2016 02 03 14 13
2016 02 06 21 44
2016 02 15 19 32
2016 03 02 14 21
2016 03 08 22 11
2016 03 14 01 55
2016 03 15 05 48
2016 04 08 18 47
2016 04 16 16 55
2016 04 19 15 40
2016 04 21 01 22
2016 05 05 01 51
2016 06 09 05 46
2016 06 10 19 52
2016 06 17 10 57
2016 06 28 23 59
2016 07 11 22 32
2016 08 05 08 40
2016 08 08 16 42
2016 08 28 10 52
2016 09 05 22 38
2016 09 20 07 30
2016 09 23 11 07
2016 10 04 02 34
2016 10 04 17 33
2016 10 08 20 00
2016 10 09 01 47
2016 10 14 17 12
2016 10 18 09 27
2016 11 25 18 49
